100 340 210 340 230 340 230 340 230 340 210 340 210 330 190 290 190 250 170 230 170
99 330 -1 330 220 330 220 330 220 330 200 330 200 320 180 280 180 240 160 220 160
98 -1 200 -1 210 -1 210 -1 210 -1 -1 -1 190 310 -1 270 170 230 -1 210 -1
97 -1 190 -1 -1 -1 -1 -1 -1 -1 190 320 -1 300 170 260 160 220 -1 -1 -1
96 320 -1 -1 200 -1 -1 -1 200 -1 -1 310 180 290 -1 250 -1 210 -1 -1 -1
95 310 -1 -1 -1 -1 200 -1 190 320 180 300 170 280 -1 240 -1 -1 -1 200 -1
94 -1 180 -1 190 -1 190 -1 -1 310 -1 290 -1 270 -1 230 -1 200 -1 190 -1
93 300 -1 -1 -1 -1 -1 320 180 300 170 280 -1 260 -1 220 -1 190 -1 180 -1
92 -1 -1 320 -1 -1 -1 -1 -1 290 -1 270 -1 250 -1 -1 -1 -1 -1 170 -1
91 290 170 -1 180 320 180 310 170 280 -1 260 -1 240 -1 -1 -1 180 -1 -1 -1
90 280 -1 310 -1 310 -1 300 -1 270 160 -1 160 230 160 210 150 -1 150 -1 150
89 -1 -1 290 170 300 170 290 -1 -1 -1 250 -1 220 -1 -1 -1 170 -1 -1 -1
88 -1 -1 280 -1 290 -1 280 160 260 -1 -1 -1 -1 -1 200 -1 -1 -1 -1 -1
87 270 160 -1 160 280 -1 270 -1 -1 -1 240 -1 210 -1 -1 -1 -1 -1 -1 -1
86 -1 -1 270 -1 -1 160 -1 -1 250 -1 -1 -1 -1 -1 190 -1 -1 -1 -1 -1
85 -1 -1 -1 -1 270 -1 260 -1 -1 -1 230 -1 200 -1 180 -1 -1 -1 -1 -1
84 260 -1 260 -1 260 -1 -1 -1 240 -1 220 -1 -1 -1 170 -1 -1 -1 -1 -1
83 250 -1 -1 -1 -1 -1 250 -1 -1 -1 -1 -1 190 -1 -1 -1 -1 -1 -1 -1
82 240 -1 -1 -1 -1 -1 -1 -1 230 -1 -1 -1 -1 -1 -1 -1 -1 -1 160 -1
81 -1 -1 250 -1 250 -1 240 -1 220 -1 210 -1 180 -1 -1 -1 -1 -1 -1 -1
80 -1 -1 -1 -1 -1 -1 -1 -1 -1 -1 -1 -1 170 -1 -1 140 -1 140 -1 140
79 230 -1 240 -1 240 150 230 150 -1 150 200 150 -1 150 160 -1 160 -1 -1 -1
78 -1 150 -1 150 -1 -1 -1 -1 210 -1 -1 -1 160 -1 -1 -1 -1 -1 -1 -1
77 220 -1 230 -1 230 -1 220 -1 -1 -1 190 -1 -1 -1 -1 -1 -1 -1 -1 -1
76 -1 -1 -1 -1 -1 -1 -1 -1 200 -1 180 -1 -1 -1 -1 -1 -1 -1 -1 -1
75 -1 -1 220 -1 220 -1 210 -1 -1 -1 170 -1 -1 -1 -1 -1 -1 -1 -1 -1
74 210 -1 -1 -1 -1 -1 -1 -1 190 -1 -1 -1 -1 -1 -1 -1 -1 -1 -1 -1
73 -1 -1 210 -1 210 -1 200 -1 -1 -1 160 -1 -1 140 -1 -1 -1 -1 -1 -1
72 200 -1 -1 -1 -1 -1 -1 -1 180 -1 -1 140 -1 -1 -1 -1 -1 -1 150 130
71 -1 140 200 140 200 140 190 140 170 140 -1 -1 -1 -1 -1 -1 150 130 -1 -1
70 -1 -1 190 -1 190 -1 180 -1 160 -1 -1 -1 150 -1 150 130 -1 -1 -1 -1
69 190 -1 180 -1 180 -1 170 -1 -1 -1 150 -1 -1 -1 -1 -1 -1 -1 -1 -1
68 180 -1 -1 -1 170 -1 160 -1 150 -1 -1 -1 -1 -1 -1 -1 -1 -1 -1 -1
67 170 -1 170 -1 -1 -1 -1 -1 -1 -1 -1 -1 -1 130 -1 -1 -1 -1 -1 -1
66 -1 -1 -1 -1 -1 -1 150 -1 -1 -1 -1 -1 -1 -1 -1 -1 -1 -1 -1 -1
65 -1 -1 160 -1 160 -1 -1 -1 -1 130 -1 130 -1 -1 -1 -1 -1 -1 -1 -1
64 160 130 -1 130 -1 130 -1 130 -1 -1 -1 -1 -1 -1 -1 -1 -1 -1 -1 -1
63 -1 -1 -1 -1 150 -1 -1 -1 -1 -1 -1 -1 -1 -1 -1 -1 -1 -1 -1 -1
62 -1 -1 -1 -1 -1 -1 -1 -1 -1 -1 -1 -1 -1 -1 -1 -1 -1 -1 -1 -1
61 150 -1 150 -1 -1 -1 -1 -1 -1 -1 -1 -1 -1 -1 -1 -1 -1 -1 -1 -1
60 140 120 140 120 140 120 140 120 140 120 140 120 140 120 140 120 140 120 140 120
50 130 110 130 110 130 110 130 110 130 110 130 110 130 110 130 110 130 110 130 110
40 120 100 120 100 120 100 120 100 120 100 120 100 120 100 120 100 120 100 120 100
30 110 90 110 90 110 90 110 90 110 90 110 90 110 90 110 90 110 90 110 90
20 100 80 100 80 100 80 100 80 100 80 100 80 100 80 100 80 100 80 100 80
10 90 70 90 70 90 70 90 70 90 70 90 70 90 70 90 70 90 70 90 70
0 80 60 80 60 80 60 80 60 80 60 80 60 80 60 80 60 80 60 80 60