100 57 53 61 50 62 48 60 47 59 41 56 36 55 35 51 30 46 24 43 24 100
99 56 50 60 49 59 45 59 46 57 39 55 34 53 34 48 28 43 23 41 23 99
98 54 47 57 46 56 42 56 43 54 36 53 31 50 31 45 26 40 22 39 22 98
97 53 45 54 43 55 39 54 40 53 34 50 30 47 30 43 25 38 21 37 21 97
96 51 43 53 42 53 38 53 37 51 33 48 28 44 27 40 24 37 20 35 20 96
95 50 42 52 39 52 36 52 36 48 31 46 26 42 25 38 23 35 19 34 19 95
94 49 39 50 37 51 35 50 35 46 28 44 24 41 24 35 22 34 18 33 18 94
93 48 -1 49 36 49 34 48 34 45 27 43 23 39 23 34 20 33 -1 31 -1 93
92 47 38 48 35 48 33 47 32 44 26 42 22 38 22 33 19 31 17 30 17 92
91 46 37 47 34 47 32 45 31 43 23 41 21 36 21 32 18 30 16 29 16 91
90 45 36 46 33 46 30 44 30 42 22 38 20 34 20 31 17 29 15 26 15 90
89 44 35 45 32 45 28 43 28 41 -1 37 -1 33 19 30 -1 26 14 24 14 89
88 43 34 44 31 44 27 42 26 39 21 36 19 -1 18 28 16 25 -1 -1 -1 88
87 42 33 43 30 43 26 41 25 38 -1 34 18 32 -1 27 15 24 -1 23 -1 87
86 41 32 42 28 42 25 40 -1 37 20 33 17 31 17 26 -1 23 -1 -1 13 86
85 -1 31 41 27 41 -1 39 24 34 -1 32 16 30 16 25 14 -1 -1 22 -1 85
84 40 30 40 26 40 24 38 -1 33 19 -1 -1 29 15 24 -1 22 13 21 -1 84
83 39 29 38 25 38 23 36 23 32 18 31 15 28 14 23 -1 21 -1 20 -1 83
82 38 28 37 24 37 22 34 -1 -1 17 30 -1 27 -1 -1 13 20 -1 19 -1 82
81 -1 -1 -1 -1 36 -1 33 22 31 -1 29 14 25 13 22 -1 19 -1 18 -1 81
80 37 27 35 -1 35 21 -1 19 30 16 28 -1 23 -1 21 -1 18 -1 17 -1 80
79 36 26 34 23 34 20 32 -1 29 15 27 13 22 -1 20 -1 -1 -1 16 12 79
78 35 25 33 22 33 19 -1 18 28 14 26 -1 -1 -1 19 -1 17 -1 -1 -1 78
77 34 24 32 21 32 18 31 -1 27 -1 25 -1 21 -1 18 -1 -1 12 15 -1 77
76 33 23 31 19 -1 17 30 -1 26 13 23 -1 -1 -1 17 -1 16 -1 14 -1 76
75 32 22 -1 -1 31 -1 29 17 25 -1 22 -1 20 -1 -1 -1 15 -1 -1 -1 75
74 -1 21 -1 18 30 16 28 16 24 -1 21 -1 19 12 16 12 -1 -1 13 -1 74
73 31 -1 30 -1 29 -1 26 15 23 -1 20 12 18 -1 -1 -1 14 -1 -1 -1 73
72 30 20 27 17 27 15 24 14 22 12 -1 -1 17 -1 15 -1 -1 -1 -1 -1 72
71 29 19 26 16 26 -1 23 -1 21 -1 19 -1 16 -1 14 -1 13 -1 12 -1 71
70 28 18 25 15 23 14 22 13 20 -1 18 -1 15 -1 -1 -1 -1 -1 -1 -1 70
69 27 17 22 14 21 -1 21 -1 19 -1 17 -1 14 -1 13 -1 -1 -1 -1 11 69
68 25 16 21 13 -1 13 20 -1 17 -1 16 -1 13 -1 -1 -1 12 -1 11 -1 68
67 24 -1 -1 -1 -1 -1 19 -1 16 11 15 11 -1 11 12 11 -1 11 -1 -1 67
66 23 15 20 -1 20 -1 17 12 15 -1 14 -1 12 -1 -1 -1 -1 -1 -1 -1 66
65 22 14 17 12 18 12 16 -1 14 -1 13 -1 -1 -1 -1 -1 11 -1 -1 -1 65
64 20 13 16 -1 16 -1 14 11 13 -1 12 -1 -1 -1 11 -1 -1 -1 -1 -1 64
63 17 -1 14 -1 14 11 13 -1 12 -1 -1 -1 11 -1 -1 -1 -1 -1 -1 -1 63
62 16 12 13 11 12 -1 12 -1 -1 -1 11 -1 -1 -1 -1 -1 -1 -1 -1 -1 62
61 13 11 12 -1 11 -1 11 -1 11 -1 -1 -1 -1 -1 -1 -1 -1 -1 -1 -1 61
60 10 10 10 10 10 10 10 10 10 10 10 10 10 10 10 10 10 10 10 10 60
50 9 9 9 9 9 9 9 9 9 9 9 9 9 9 9 9 9 9 9 9 50
40 8 8 8 8 8 8 8 8 8 8 8 8 8 8 8 8 8 8 8 8 40
30 7 7 7 7 7 7 7 7 7 7 7 7 7 7 7 7 7 7 7 7 30
20 6 6 6 6 6 6 6 6 6 6 6 6 6 6 6 6 6 6 6 6 20
10 5 5 5 5 5 5 5 5 5 5 5 5 5 5 5 5 5 5 5 5 10
0 4 4 4 4 4 4 4 4 4 4 4 4 4 4 4 4 4 4 4 4 0
